Point Elongation Force Position Code Samplerate Motorspeed
.3 0 .5281 15.493 0 100 """1.0mm/min"""
.4 0 .5931 15.493 0 100 """1.0mm/min"""
.5 0 .6744 15.493 0 100 """1.0mm/min"""
.6 0 .5931 15.493 0 100 """1.0mm/min"""
.7 0 .5281 15.493 0 100 """1.0mm/min"""
.8 0 .6257 15.493 0 100 """1.0mm/min"""
.9 0 .5118 15.493 0 100 """1.0mm/min"""
1 0 .5769 15.493 0 100 """1.0mm/min"""
1.1 0 .5931 15.493 0 100 """1.0mm/min"""
1.2 0 .5281 15.493 0 100 """1.0mm/min"""
1.3 0 .6907 15.493 0 100 """1.0mm/min"""
1.4 0 .5931 15.493 0 100 """1.0mm/min"""
1.5 0 .6094 15.493 0 100 """1.0mm/min"""
1.6 0 .5118 15.493 0 100 """1.0mm/min"""
1.7 0 .6419 15.493 0 100 """1.0mm/min"""
1.8 0 .707 15.493 0 100 """1.0mm/min"""
1.9 0 .7395 15.493 0 100 """1.0mm/min"""
2 0 .6907 15.493 0 100 """1.0mm/min"""
2.1 0 .6907 15.493 0 100 """1.0mm/min"""
2.2 0 .6744 15.493 0 100 """1.0mm/min"""
2.3 0 .7232 15.493 0 100 """1.0mm/min"""
2.4 0 .6094 15.493 0 100 """1.0mm/min"""
2.5 0 .6257 15.493 0 100 """1.0mm/min"""
2.6 0 .7395 15.493 0 100 """1.0mm/min"""
2.7 0 .7558 15.493 0 100 """1.0mm/min"""
2.8 0 .6419 15.493 0 100 """1.0mm/min"""
2.9 0 .772 15.493 0 100 """1.0mm/min"""
3 0 .8208 15.493 0 100 """1.0mm/min"""
3.1 0 .8859 15.493 0 100 """1.0mm/min"""
3.2 0 1.1136 15.493 0 100 """1.0mm/min"""
3.3 0 1.2926 15.493 0 100 """1.0mm/min"""
3.4 0 1.504 15.493 0 100 """1.0mm/min"""
3.5 0 1.7968 15.493 0 100 """1.0mm/min"""
3.6 0 1.748 15.493 0 100 """1.0mm/min"""
3.7 0 1.6504 15.493 0 100 """1.0mm/min"""
3.8 0 1.7155 15.493 0 100 """1.0mm/min"""
3.9 0 1.8781 15.493 0 100 """1.0mm/min"""
4 0 2.3661 15.493 0 100 """1.0mm/min"""
4.1 0 2.9191 15.493 0 100 """1.0mm/min"""
4.2 0 3.2119 15.493 0 100 """1.0mm/min"""
